^	-------W---------
|	|		|
|	|		|
|	|		|
|	H		|
|	|		|
|	|		|
|	|		|
|	|		|
|	o----------------
|
|
|
0------------------------------>

PARADO

	X(o)	Y(o)	W	H
1	5	91	37	38
2	50	91	38	38
3	95	91	38	38
4	140	91	38	38
5	184	91	38	38
6	228	91	38	38



ANDANDO

	X(o)	Y(o)	W	H
1	5	47	42	40
2	54	47	41	41
3	102	49	42	37
4	152	47	39	40
5	197	47	41	40
6	245	47	42	40
7	294	48	42	40
8	341	48	46	41
9	393	48	48	37
10	448	48	42	40
11	497	48	43	40
12	547	48	43	40



ATIRANDO

	X(o)	Y(o)	W	H
1	2	4	60	38
2	69	4	60	37



TIRO

	X(o)	Y(o)	W	H
1	133	21	30	5